image_width: 640
image_height: 480
camera_name: narrow_stereo
camera_matrix:
  rows: 3
  cols: 3
  data: [578.802309, 0, 308.979252, 0, 576.757895, 245.985417, 0, 0, 1]
distortion_model: plumb_bob
distortion_coefficients:
  rows: 1
  cols: 5
  data: [-0.023604, 0.034499, -0.001167, -0.004645, 0]
rectification_matrix:
  rows: 3
  cols: 3
  data: [1, 0, 0, 0, 1, 0, 0, 0, 1]
projection_matrix:
  rows: 3
  cols: 4
  data: [576.206116, 0, 305.630221, 0, 0, 576.362488, 244.923884, 0, 0, 0, 1, 0]
