image_width: 640
image_height: 480
camera_name: narrow_stereo
camera_matrix:
  rows: 3
  cols: 3
  data: [540.690689, 0, 316.274259, 0, 539.383723, 237.013709, 0, 0, 1]
distortion_model: plumb_bob
distortion_coefficients:
  rows: 1
  cols: 5
  data: [0.044658, -0.11184, -0.000838, 0.001826, 0]
rectification_matrix:
  rows: 3
  cols: 3
  data: [1, 0, 0, 0, 1, 0, 0, 0, 1]
projection_matrix:
  rows: 3
  cols: 4
  data: [540.928467, 0, 316.747956, 0, 0, 540.919373, 236.238408, 0, 0, 0, 1, 0]
